#All info
#Other info
probeset_id	Indiv1	Indiv2	Indiv3	Indiv4	Indiv5	Indiv6	Indiv7	Indiv8	Indiv9	Indiv10	Indiv11	Indiv12	Indiv13	Indiv14	Indiv15	Indiv16	Indiv17	Indiv18	Indiv19	Indiv20	Indiv21	Indiv22	Indiv23	Indiv24	Indiv25	Indiv26	Indiv27	Indiv28	Indiv29	Indiv30	Indiv31	Indiv32	Indiv33	Indiv34	Indiv35	Indiv36	Indiv37	Indiv38	Indiv39	Indiv40	Indiv41	Indiv42	Indiv43	Indiv44	Indiv45	Indiv46	Indiv47	Indiv48	Indiv49	Indiv50	Indiv51	Indiv52	Indiv53	Indiv54	Indiv55	Indiv56	Indiv57	Indiv58	Indiv59	Indiv60	Indiv61	Indiv62	Indiv63	Indiv64	Indiv65	Indiv66	Indiv67	Indiv68	Indiv69	Indiv70	Indiv71	Indiv72	Indiv73	Indiv74	Indiv75	Indiv76	Indiv77	Indiv78	Indiv79	Indiv80	Indiv81	Indiv82	Indiv83	Indiv84	Indiv85	Indiv86	Indiv87	Indiv88	Indiv89	Indiv90	Indiv91	Indiv92	Indiv93	Indiv94	Indiv95	Indiv96	Indiv97	Indiv98	Indiv99	Indiv100
Marker_1-A	1013.704	232.643	230.712	539.669	6024.014	3701.74	8597.082	841.215	2433.183	2076.11	2228.849	836.063	920.847	399.505	1583.013	949.373	361.348	1211.015	1258.654	2486.624	711.169	582.53	464.618	565.003	2577.382	1567.066	333.574	561.015	17321.958	52.267	1981.368	269.324	4795.878	183.842	714.167	143.018	7268.559	7645.897	514.283	508.579	654.756	48.697	429.748	2047.005	2161.851	120.405	529.379	21285.915	10168.091	2539.231	997.837	176.252	311.785	184.087	41.217	22853.287	1136.54	978.167	1872.581	1768.098	1140.755	3615.189	472.21	3376.287	387.461	59.194	180.69	5039.082	498.09	264.541	46.399	1297.861	2955.037	618.378	533.854	2375.561	7127.336	718.998	10787.988	1259.105	1088.456	1516.081	39.706	686.777	3391.724	1439.938	511.586	757.974	1933.345	438.839	117.05	486.351	1393.746	11882.896	374.117	939.596	367.261	228.688	444.15	1205.334
Marker_1-B	270.741	986.536	384.794	280.326	3653.294	2230.963	15876.967	3344.243	1377.554	3467.089	531.225	194.287	535.005	1565.542	2741.367	228.439	189.981	314.245	284.91	611.782	175.357	931.111	133.271	145.73	1456.523	2544.648	1559.729	2364.65	10897.365	224.907	499.656	1090.253	9194.66	859.192	174.552	617.023	11349.181	14850.59	984.913	126.984	151.635	199.087	1704.836	9015.78	509.138	546.662	149.087	12701.42	18952.92	1506.799	1562.158	627.386	1146.11	50.022	167.441	36829.134	2077.075	1556.761	3252.745	3048.043	276.678	6512.098	1876.915	867.288	233.341	253.067	774.713	1277.762	2094.167	1066.721	183.067	5509.763	1611.259	1160.235	304.243	4018.47	4141.32	419.582	17326.351	799.712	266.517	368.064	148.419	361.824	1995.109	365.981	911.981	199.028	3399.247	128.044	470.933	904.812	762.514	21722.822	87.489	252.15	83.876	819.972	227.773	2318.981
Marker_2-A	1223.767	3663.511	794.897	404.488	1940.89	1940.874	925.649	6189.706	574.624	497.036	160.203	553.212	580.913	466.757	1202.602	1262.647	30.005	693.619	2388.578	112.43	955.164	977.175	4005.326	1570.289	205.264	900.522	133.561	830.983	2229.243	2750.706	524.796	1511.206	2635.562	2999.224	16579.026	951.855	359.179	597.123	2173.602	121.935	255.541	1451.574	2774.95	1020.447	1681.036	962.878	1721.742	919.49	11470.968	5378.917	3059.762	12515.39	2679.427	47.226	2224.554	532.383	1092.445	130.55	674.003	701.223	852.774	370.455	5751.939	5561.461	817.56	888.545	3129.253	377.419	885.218	10810.207	2336.091	899.454	233.701	73.017	711.955	215.679	430.022	261.94	4373.511	3062.327	828.752	1139.883	4296.458	1571.154	1700.465	14944.88	5214.041	285.822	3962.209	1613.839	2665.78	447.907	7365.551	1071.587	4402.52	6429.957	742.323	2471.565	1262.151	2372.17
Marker_2-B	2184.385	2157.609	1201.478	1589.867	1133.048	463.355	1791.577	3394.242	327.535	824.831	580.594	135.824	1067.65	1828.673	1919.753	806.686	114.679	1147.775	4445.417	486.069	244.898	549.885	6280.327	393.179	800.483	221.5	600.99	1332.685	527.459	692.587	134.532	2590.863	4630.602	1558.513	11549.738	1278.718	92.261	2155.483	3619.985	463.211	1069.671	852.627	1585.479	1794.919	2764.286	541.407	3100.533	225.606	6287.505	2909.141	4984.793	23474.588	4808.808	181.745	4082.718	876.965	654.762	540.783	2848.191	2807.626	3435.4	1599.075	1491.431	3053.42	232.076	3790.686	1877.435	650.492	220.382	2738.645	3534.767	3683.908	60.931	300.752	174.747	939.373	1624.65	506.269	2929.668	5529.13	1454.319	4638.707	2631.168	365.477	2920.802	8660.991	1152.044	484.156	7159.63	6724.454	774.929	771.471	3998.558	710.336	2627.172	3485.298	439.832	644.751	2211.326	588.515
Marker_3-A	244.264	3188.677	1074.354	644.123	182.699	1665.75	4164.048	69.066	3145.097	2338.134	1647.971	2716.385	4298.426	361.512	997.557	2261.929	5543.596	1747.462	653.46	2568.98	759.193	78.423	94.599	681.547	7699.129	8876.282	113.68	1903.376	1471.872	389.472	3466.368	411.12	422.815	3477.55	1633.266	1038.408	955.847	2826.909	193.604	455.122	116.474	410.786	2160.791	495.051	77.44	1651.208	1461.897	696.669	2572.759	387.764	1406.164	3964.394	882.778	2726.421	515.085	2834.171	1395.046	3339.026	270.806	1731.276	3416.927	139.978	5453.092	133.502	3153.455	125.85	91.162	788.247	918.991	2804.246	1367.702	2495.09	1053.5	147.858	7822.59	187.535	1122.243	1985.026	1041.672	479.963	1762.703	2944.322	1727.419	713.122	3679.479	5213.316	78.652	365.544	73.961	1570.153	1932.963	833.155	161.371	2065.495	1423.67	2427.827	4039.241	11479.119	263.14	1965.438
Marker_3-B	885.597	5158.446	271.636	1194.905	699.898	1036.387	7343.817	290.163	1810.821	4105.39	3293.025	1364.483	2493.64	86.29	4065.985	3808.874	2977.071	430.762	2705.499	4456.963	1146.087	297.714	369.203	356.281	12706.802	4674.823	442.544	538.214	2719.089	1648.961	2199.883	1742.576	1661.598	1771.609	3141.67	265.847	262.757	689.582	736.221	123.616	206.867	717.12	1248.006	1018.465	293.374	3168.7	911.054	177.161	1568.842	104.405	372.423	1018.569	216.277	5027.838	274.519	705.334	294.561	5434.106	73.092	478.705	1983.093	521.544	3142.668	508.611	5281.269	503.805	362.944	412.087	1748.529	5105.85	768.118	642.399	256.183	595.869	13844.679	780.423	4443.082	1109.396	560.935	2082.943	3142.688	638.199	7147.541	2789.402	1889.995	9065.564	332.932	204.775	301.872	417.895	3394.169	1357.244	105.64	503.902	2531.129	598.308	7131.338	19897.577	1020.661	3278.485
Marker_4-A	341.241	14721.007	4765.398	300.711	3115.952	58.73	1067.077	2789.757	3132.621	154.459	349.154	1032.391	97.805	14685.651	108.388	1278.255	870.979	2134.934	1680.789	1342.551	339.103	125.545	1629.771	561.815	3948.154	1497.493	673.888	122.262	2978.541	4152.967	4522.508	6426.599	3132.393	587.866	4940.146	7504.423	645.753	442.796	6540.547	1233.11	1031.339	191.505	2300.028	986.049	3045.142	826.028	935.288	90.382	132.73	419.793	11722.337	14983.005	1510.162	2339.456	530.181	613.547	1675.728	4683.886	3294.475	1338.17	834.351	132.062	420.559	3415.667	123.414	2264.652	22.178	7181.104	167.838	615.882	71.697	8855.698	7443.765	2681.193	3324.581	5588.488	1052.099	1380.023	520.549	1289.623	789.914	2021.787	1606.865	2822.904	395.087	1245.416	775.996	11000.858	1709.446	285.246	2098.835	1276.685	3937.337	263.558	1079.784	389.34	2323.742	915.203	1006.213	604.491
Marker_4-B	1241.513	22677.856	1078.971	70.028	788.934	229.534	1643.981	1755.24	1739.168	605.229	1341.239	3439.315	23.01	8830.299	481.565	2367.29	214.73	585.088	410.522	5038.816	1435.968	491.335	970.827	329.948	7597.783	2649.496	160.389	536.062	5525.115	7556.235	8023.167	1618.016	1773.222	1017.242	8843.588	1799.728	374.299	1839.376	10715.643	740.442	273.714	769.775	4391.233	557.663	5305.666	196.785	1777.176	377.964	465.852	698.963	3061.726	26630.245	2576.684	4038.415	138.591	2445.644	486.831	2865.227	1861.872	782.975	1517.012	538.254	101.997	1856.791	384.836	553.571	88.85	12954.93	630.093	169.192	269.52	2110.272	3592.835	10803.108	5196.105	1284.785	249.922	321.09	140.887	720.284	1339.403	3121.487	2954.511	1737.258	245.009	2239.713	1524.248	5751.089	2922.475	67.099	582.093	4927.909	6582.332	167.026	1813.005	107.283	529.693	201.579	259.021	2378.726
Marker_5-A	2034.439	20464.376	4070.54	401.636	9718.19	2405.157	273.525	105.96	1306.795	88.291	53.656	622.596	564.188	129.619	3150.886	470.539	3556.156	261.295	3601.047	1240.183	105.751	333.878	442.821	2580.536	1113.888	249.695	225.274	11042.231	1627.027	3116.019	823.331	166.529	3496.982	1639.749	201.522	172.745	1066.173	227.317	931.645	679.824	1964.021	168.46	10130.755	790.383	3840.519	290.826	3813.582	1326.438	526.021	3117.156	1567.472	2810.778	1134.588	754.122	780.432	302.63	4518.152	1363.611	1016.842	7471.999	8256.616	520.9	966.414	174.911	447.607	768.693	986.409	126.695	3415.397	812.603	7655.898	1501.699	5045.823	3389.804	2042.376	298	605.794	455.342	520.286	228.632	905.974	2769.645	454.068	169.966	1176.523	1130.396	8646.768	105.683	451.585	3472.543	88.546	15328.194	1242.535	185.275	1456.958	814.011	4085.682	9806.562	759.673	6763.925
Marker_5-B	1334.117	5244.586	2451.823	714.812	5375.666	1470.139	1067.914	439.478	685.119	373.482	233.817	169.46	137.849	537.294	5426.486	106.651	2199.543	1126.764	879.692	689.886	28.076	1275.67	1660.956	1350.264	651.549	961.004	55.15	6350.444	6208.135	702.32	2971.658	692.73	777.257	884.921	56.007	709.428	1957.436	64.821	1555.544	2795.956	1128.879	719.786	5977.299	214.72	2213.349	1035.635	1850.928	721.47	133.414	5188.11	406.354	682.894	269.439	1373.7	211.462	1243.364	8277.677	785.111	3854.144	1855.856	4733.955	340.946	268.876	712.298	105.585	1366.16	232.421	544.982	1709.598	3184.519	13034.783	351.778	1301.17	6910.298	501.56	1143.301	144.386	256.047	296.194	805.52	3622.775	1646.204	837.794	659.448	5096.772	1923.067	2274.909	425.245	1546.765	1957.968	321.934	25245.629	289.795	695.052	355.146	1651.302	2521.21	5531.848	174.191	2122.656
Marker_6-A	69.259	5129.332	979.806	1049.121	2269.342	1427.606	832.151	50.995	851.453	2497.951	1167.673	828.094	2531.656	86.015	1776.495	693.849	4779.279	8664.992	164.691	318.34	4507.444	5721.701	208.315	1189.643	2522.659	3821.248	77.199	2436.912	130.86	420.132	2604.427	1398.161	71.233	1984.434	1366.605	6396.601	1446.757	317.074	523.096	1122.899	118.58	2443.857	9061.701	1759.731	901.391	2692.479	2774.648	435.267	963.184	1729.124	1242.436	2285.588	19.601	1521.854	1821.056	111.781	1213.369	779.378	1376.063	3735.861	2459.42	4223.58	1261.509	778.801	1073.275	3087.618	1811.214	497.647	150.894	1111.279	1851.886	2205.541	935.305	1522.081	2091.466	282.97	270.577	442.465	341.902	192.246	3357.684	713.264	8748.557	3021.733	8282.928	1059.869	1437.151	129.639	279.569	1283.365	1709.17	1424.795	2970.964	1923.499	4000.492	774.273	151.823	258.127	427.7	3409.004
Marker_6-B	286.366	1283.529	505.197	270.079	3752.133	2733.327	3492.846	206.108	214.13	631.584	298.434	214.805	10761.4	365.648	2952.773	2968.197	2670.348	2284.634	708.999	185.051	7662.92	10083.261	359.222	2000.925	1464.392	7246.965	149.492	1298.996	550.23	771.379	1640.742	846.174	303.522	998.599	5914.812	4286.75	384.138	71.931	133.254	281.049	543.351	1350.991	1986.773	1093.082	3809.727	697.526	704.696	1686.535	214.427	3332.851	692.914	1395.583	85.444	2447.841	1034.192	380.688	717.977	2925.276	5911.403	2079.684	4565.912	2249.191	4751.895	437.859	1778.634	5302.942	1085.594	1927.737	579.216	293.294	479.433	565.043	239.055	981.51	517.288	63.896	1176.197	122.143	1371.761	104.109	6400.837	2792.189	5348.013	1931.811	4053.081	609.112	327.985	488.275	967.88	2053.136	1023.494	786.679	1779.423	1158.663	944.378	436.603	575.719	1061.128	1725.382	2318.749
Marker_7-A	485.535	2777.422	2147.047	171.989	966.993	85.563	1965.58	646.397	1487.317	593.955	3105.049	788.71	3154.066	1811.513	586.518	2069.964	2950.593	1006.215	52.769	2498.529	1289.486	916.477	316.616	2990.827	3093.458	121.331	3663.906	801.323	3592.06	1185.558	333.174	701.688	698.617	320.759	4894.132	2560.008	2310.232	804.51	2084.649	802.936	308.967	1141.914	200.555	3393.522	4936.136	424.298	753.459	2647.001	5812.298	431.243	3811.304	2208.32	1216.16	600.422	355.099	1026.129	1766.776	698.303	448.2	183.456	663.528	308.461	4153.55	2765.297	255.412	454.489	965.24	1244.148	2309.426	12597.417	802.379	3420.127	102.32	572.724	1440.299	85.956	1672.127	1250.549	1089.433	3370.489	142.282	799.682	335.326	769.513	2228.152	517.005	1209.928	2430.068	2061.464	62.755	9799.808	409.805	975.907	568.28	221.957	4248.517	3099.21	1397.697	8549.933	209.696
Marker_7-B	116.651	1539.318	584.678	662.312	1575.651	370.788	3455.791	2735.344	398.996	135.305	1689.648	482.649	757.047	3108.955	2293.965	3754.389	1784.355	1626.515	198.541	1292.546	321.755	1381.733	1169.112	1684.268	835.905	27.172	5767.039	468.491	6626.797	2172.251	75.816	1242.819	180.943	1318.244	8121.516	10850.142	1191.147	193.972	534.436	3190.774	1197.037	311.34	49.697	5877.907	2747.725	107.311	2926.375	1509.64	3194.592	1674.785	2419.151	564.823	1860.6	2629.569	1398.072	1669.351	433.383	188.294	1557.538	707.219	2578.591	502.591	2348.716	1687.618	938.432	98.351	572.529	808.714	4095.584	7493.397	219.462	1763.61	424.058	141.387	998.933	311.356	998.875	2106.13	4574.736	850.255	528.33	1261.894	80.036	2942.35	528.98	2123.68	5130.393	4219.749	1188.513	261.365	5920.753	739.199	1734.91	964.024	904.018	2461.412	748.803	2540.037	4863.877	401.92
Marker_8-A	396.413	631.335	5130.225	829.445	1487.495	1266.582	6660.527	1076.657	147.398	4922.842	63.413	7863.512	3835.065	1134.783	3131.241	2205.265	2288.104	833.429	9749.724	1313.473	1676.115	3108.424	4239.608	910.709	6871.869	7906.229	1390.786	1171.189	366.109	1857.512	792.205	311.623	1489.224	11180.351	432.777	3032.046	1597.786	620.18	1052.326	247.142	357.774	3469.594	8107.665	8053.34	18399.114	1094.329	2397.147	5226.17	528.312	126.129	1738.077	740.603	649.522	901.72	10704.556	97.517	3849.379	642.315	7478.679	7096.717	2263.131	733.56	2120.792	4556.429	773.709	539.812	663.406	11904.648	6905.67	126.298	1863.931	315.414	5152.128	29935.53	1102.614	2908.824	224.161	1534.168	10635.787	600.617	699.61	1678.04	467.516	1633.717	1370.338	4710.774	11809.887	7289.185	273.617	1457.089	37.122	284.539	820.657	177.604	493.078	313.156	5132.468	288.508	7455.436	7087.805
Marker_8-B	1611.097	341.39	2738.042	2997.361	811.898	335.841	3614.593	296.033	554.212	3190.35	262.929	4345.752	6815.31	666.924	1747.245	1256.15	576.466	3551.973	2309.255	2375.56	6872.606	5245.397	2892.245	3469.859	4035.502	1866.249	341.967	2127.149	1541.963	2944.848	196.665	592.375	883.293	6523.644	242.315	1596.812	2655.333	1134.16	4319.313	63.926	1520.444	5706.699	4869.511	4527.665	10373.928	1985.96	1269.297	7519.84	138.883	36.524	3252.835	415.306	161.753	1609.711	5299.961	375.825	6938.725	1028.412	4480.162	11405.022	1171.254	3027.707	1269.279	6867.774	1414.878	124.348	151.446	20321.911	12740.19	29.644	497.529	1229.084	1212.484	16741.296	1801.523	4891.579	402.847	2848.375	18287.332	158.642	439.979	2948.87	1870.534	394.052	2275.235	2529.507	6719.589	11827.018	59.398	833.421	139.215	1195.167	1498.219	46.508	2109.78	1270.246	8426.838	73.242	12468.08	3783.294
Marker_9-A	10416.357	2390.874	1837.92	1152.734	1003.153	267.655	290.935	2281.297	4941.27	162.949	50.307	2494.495	2102.26	3514.515	8382.31	321.52	543.208	7357.106	783.573	5942.756	927.087	132.252	119.848	2229.52	60.357	138.104	10279.273	3330.94	3515.361	29.936	4739.982	96.884	1240.985	203.223	4995.243	316.125	1380.993	548.872	97.746	3446.271	196.292	1575.299	2169.528	2556.087	162.413	280.884	1030.74	1214.078	8704.263	295.637	5890.256	759.849	862.124	356.146	6987.934	1515.081	2356.903	30921.778	2172.496	1819.088	2400.537	617.402	2756.268	1360.039	6751.347	5207.203	4323.003	827.005	27.494	92.11	9405.685	121.584	3920.503	1318.711	19473.592	10952.397	1304.255	209.948	3043.826	195.814	368.641	193.019	127.246	5443.441	7042.89	1023.017	332.631	990.456	1934.197	2369.754	146.044	572.968	3587.688	306.622	944.635	335.911	162.8	2031.31	4759.744	2069.676
Marker_9-B	19809.33	9374.591	1108.288	266.273	260.369	68.399	190.522	3802.054	2965.17	300.279	182.676	4662.875	3727.884	2250.13	4945.109	1256.445	134.57	4464.469	1478.121	1605.516	501.697	31.467	487.668	531.762	14.233	547.691	5807.272	5203.187	1808.88	133.453	3084.171	346.796	748.419	787.37	8614.483	1345.365	783.488	1029.084	399.725	815.563	301.859	5956.976	597.496	1653.859	661.382	1185.701	268.406	2291.991	4629.746	1208.413	3587.751	1306.472	1550.359	1423.726	4345.124	2575.413	10366.922	59213.875	1343.095	419.717	1448.753	160.288	4559.106	348.977	1569.92	2840.92	8196.976	1634.452	115.446	331.759	16058.025	498.751	6533.932	745.314	11744.855	19575.911	793.465	754.448	5856.069	824.784	1453.006	116.09	476.156	8945.911	11582.073	287.236	1397.799	1829.251	3414.058	10012.995	550.89	145.5	1897.72	533.074	1729.86	1318.88	718.867	490.646	8007.133	8239.972
Marker_10-A	830.058	117.384	2254.265	3112.526	1601.484	2244.935	197.109	4632.442	4803.83	1643.142	403.855	2440.914	197.245	406.824	157.324	329.217	514.581	2573.457	1180.25	1138.008	908.123	6988.129	2147.222	1375.577	3895.763	4718.577	1787.756	854.158	195.83	598.612	7332.525	730.995	625.641	4077.488	599.625	1196.542	1836.572	18050.598	2415.693	947.85	624.933	1116.859	871.657	530.642	111.646	7226.626	430.189	3519.402	406.252	1653.742	643.503	2095.647	1825.332	275.009	75.277	658.219	168.352	2727.908	867.597	2112.799	273.253	264.108	2905.413	2245.602	424.041	522.486	2484.373	576.593	4825.143	212.454	2237.309	1349.518	1144.858	217.564	313.855	165.908	3548.556	785.732	1233.321	16315.191	1116.571	1812.802	1287.387	1136.729	297.897	2223.812	48.767	460.932	450.066	1224.893	355.684	1007.494	230.525	1874.592	166.557	2178.324	1064.174	442.587	24.003	114.023
Marker_10-B	3500.998	501.226	1197.042	1925.176	371.852	1469.706	51.346	2570.926	2621.688	966.02	106.581	590.513	773.988	1557.735	719.141	89.505	1863.325	1510.2	731.992	304.609	1657.785	12234.115	3634.82	783.855	7112.395	2581.691	434.388	214.435	836.388	2501.736	4338.841	200.144	181.277	2030.571	959.637	2000.473	1000.147	10380.583	1433.563	4141.674	176.463	633.601	523.685	145.721	412.051	12851.787	215.435	2178.547	98.764	911.32	153.522	3552.527	444.891	71.926	131.9	1127.945	629.97	4628.507	518.251	3703.371	999.754	1021.177	638.41	617.113	1651.024	1978.201	606.618	132.874	2667.037	789.5	3509.8	767.443	653.275	353.287	1197.785	36.737	818.463	1331.925	2037.416	26030.325	1993.467	1004.182	772.763	280.539	1171.113	539.024	202.527	1780.122	261.106	677.821	86.063	615.192	55.711	3058.116	566.657	508.12	1926.7	256.747	108.58	458.367
